0.136698670915
2.81153871516
4.14112723454
4.64258786906
5.34835604831
5.8693663825
6.35137231804
7.22710047289
7.47757679948
8.93183165361
9.71107836065
10.4820844659
11.0264187157
11.5131778764
12.6016076574
13.5709964618
13.6239464781
14.4170534175
14.9548234711
15.000611003
15.1639108736
16.1294688732
16.3754687636
16.3981504801
18.8110172819
18.8164969501
18.9227060641
19.0090178867
19.1955560799
19.2764802099
20.4301605186
20.5619346096
21.5940296342
22.0998894903
23.5570927477
24.2310413463
25.513884059
26.1562354859
26.1935641419
26.5415523406
26.9171207505
27.3902280187
28.1756555569
28.2060621657
28.5409507581
30.0068513995
30.1618091785
30.4914555662
30.8500726777
30.8576530454
31.0576266024
31.3114631499
31.3555886331
31.3981696839
31.4646464151
31.4744198796
31.757477262
31.8233192162
31.918773864
32.7811635008
32.8021138227
32.8719497728
33.13194701
33.208989259
33.2635364226
33.6139639836
33.7992936811
34.1598974342
34.3852175386
34.5944461822
34.6324727175
34.9696812099
34.9998334175
35.2549920397
35.2763443972
35.2790731078
35.2873311429
35.2950173835
35.9549227676
36.296470062
36.3237392747
36.3953534834
36.4177986976
36.4216910407
36.6085936988
36.957878445
36.9915613658
37.0466999495
37.074945117
37.1909333711
37.4296844904
37.5390594777
37.6258845235
37.839883899
37.9394715651
38.2479536753
38.3010507061
38.3923285762
38.4155850868
38.66643642
38.9770799671
39.4668339817
39.6403222807
39.9097558424
40.0348903721
40.3063562704
40.5545406737
40.5953326195
40.6989664594
40.8308215453
40.9654229393
41.0135811432
41.0933726546
41.1988659875
41.2666334188
41.3865364273
41.4424904038
41.5512958134
41.6749421403
41.7892209624
41.8920119173
41.9084716286
42.1138367488
42.1405166094
42.5950008989
42.6679846458
42.7184774308
42.8673377678
43.2370727742
43.2383556359
43.7328695638
43.7799030256
44.0677264511
44.147437764
44.5749183205
44.6724110608
44.9589877479
45.1870057796
45.2517064662
45.4409829493
45.5250212639
45.84011114
45.8406625292
46.1477286427
46.2361462994
46.2951418
46.3976373362
46.5282349976
46.5942092955
46.5961395283
46.6196265651
46.6455994373
47.008221495
47.1595234899
47.1958299038
47.2819213766
47.2919074915
47.4773953222
47.5377653746
47.5897382898
47.8329244447
48.0263473545
48.3522411725
48.3781556115
48.3875948579
48.4058406345
48.9311587341
49.0466725909
49.1775113017
49.2527231636
49.2573254849
49.3063869522
49.3704692058
49.6371861021
49.6819223007
49.7424226639
49.8456904604
49.9064283475
49.989227159
50.061819685
50.1118527613
50.1947127696
50.645436446
50.8579934996
51.0027249125
51.0609503059
51.3101341476
51.746157706
52.029536924
52.0905221517
52.2155648952
52.2554154761
52.4416640068
52.5241805822
52.6886384563
53.4101037729
53.4721904884
53.5302929034
53.6467484504
53.9698965478
54.6335898473
54.8004503189
54.9558610889
55.1945040074
55.3648448817
55.3903938877
55.5254201345
55.5546880456
55.6447069647
55.7055039073
55.842134095
55.9612398667
55.9842434015
56.4965577217
56.675299802
56.9378954889
56.9588287901
57.093120665
57.2124851638
57.2612061809
57.806963747
58.0102406394
58.0704910757
58.0935173239
58.4627004666
58.5216211844
58.7065181519
58.7345083054
58.8643623814
58.9513403739
58.9641585565
59.003301855
59.118500021
59.2801136743
59.3361053433
59.4191047857
59.5329672712
59.6493514631
59.7726602619
59.799445056
60.1347853898
60.5298617837
64.1317672021
64.2599986718
64.8173307553
65.0153335205
65.3843889183
65.6519410648
65.9297409722
66.2619076443
67.6836752258
68.3437777213
68.8270150662
69.343808094
70.6585979025
71.5606408153
72.4577254952
72.706508234
73.5228700922
73.9692353312
74.3157138463
75.2726776584
75.5194788584
76.0491592071
76.1585436818
76.4550714258
77.1724893828
77.2554138132
77.9016878931
79.1454537328
79.559834825
79.7135068198
80.1099315354
80.6814195898
81.4438273955
83.4194435184
84.4520090597
84.7422466862
85.0283443817
85.5182082017
85.8077511124
86.9637285801
88.7749709308
89.1818052176
91.1000332162
91.5727371519
92.170513568
93.6050708658
94.6782425513
94.7587205396
94.878568748
95.5195561874
96.2535865904
96.4529796051
97.2740487167
97.3780501979
97.9836540291
98.1325244052
98.9069727177
99.9556787689
